Time	HMO	HEXOSE	SUCCINATE	FORMATE
24,9	14.3446918232731	12.847289145977	9.3827135342149	5.99392584600511
25	13.528329183194	13.3025517091131	9.33715415228323	5.98985040279437
25,1	12.7537496990435	13.7255833167113	9.29369444261004	5.98754460601212
25,2	12.0185301956471	14.1181781318231	9.25234225098199	5.98697557714397
25,3	11.3204426353878	14.4817619179698	9.21309359504295	5.9881099257702
25,4	10.6574341608955	14.8174695417792	9.17593062536278	5.99090932552229
25,5	10.0276103795431	15.1262034118012	9.14082096765721	5.99532787375044
25,6	9.42922097814687	15.408678768977	9.10771798610987	6.00131069638006
25,7	8.86064709456083	15.6654596356879	9.07656163791836	6.00879341090168
25,8	8.32039005991587	15.8969879987362	9.04727968540943	6.01770217101894
25,9	7.80706123736684	16.1036080293851	9.01978910212486	6.02795409670305
26	7.31937275500039	16.2855866332752	8.99399755985726	6.03945795131111
26,1	6.85612897921998	16.4431312717436	8.96980491994777	6.05211496904026
26,2	6.41621860964263	16.5764057458392	8.94710467817302	6.06581976576614
26,3	5.99860730251479	16.685544450497	8.92578533113326	6.08046128752055
26,4	5.60233074996868	16.7706654672258	8.9057316453034	6.09592376588086
26,5	5.22648815899368	16.8318827552658	8.88682581933429	6.11208766009713
26,6	4.87023608797621	16.8693176143029	8.8689485368731	6.12883057312194
26,7	4.5327826108053	16.883109520427	8.85197991187773	6.1460281337314
26,8	4.21338178928729	16.8734263772147	8.83580033167159	6.16355484028755
26,9	3.9113284441879	16.8404741732385	8.82029120519797	6.18128486386295
27	3.62595322369063	16.7845059947402	8.80533562534361	6.19909280977354
27,1	3.35661797537975	16.7058303072392	8.79081895498083	6.21685443729912
27,2	3.10271143389066	16.6048183926855	8.77662934663698	6.23444733770073
27,3	2.86364524093319	16.4819108099794	8.76265820551104	6.2517515707116
27,4	2.63885031728128	16.3376227370318	8.74880060496767	6.26865025959095
27,5	2.42777360734542	16.1725480527643	8.73495566268596	6.28503014466593
27,6	5.93969282048745	16.1571729803345	8.71977868677533	6.30147559950249
27,7	9.58417983469115	16.376331141622	8.70189053116418	6.31823176625778
27,8	13.0466040920585	16.7029423190129	8.68182658290316	6.33488139938552
27,9	16.3439224675328	17.0861670978378	8.65994296686053	6.35136971449844
28	19.4877829432448	17.5005501961711	8.63651627083354	6.36773266072589
28,1	18.7504603072743	17.9142759515847	8.61288377916883	6.38466245568408
28,2	17.7207671342373	18.3000395511745	8.59065529023216	6.40302486626641
28,3	16.742656945456	18.659439007982	8.56983913679211	6.42279250497425
28,4	15.8131194556742	18.9937366046856	8.55045635256991	6.44395564810391
28,5	14.929380549375	19.3038799971954	8.53253035729809	6.46651059605
28,6	14.0888808512871	19.5905635379393	8.5160800089055	6.4904520088149
28,7	13.289257074727	19.8542759925213	8.50111526078506	6.51576786964412
28,8	12.5283255424783	20.0953384216999	8.4876346908921	6.54243635088591
28,9	11.8040674541757	20.3139348493168	8.47562434981078	6.57042403866379
29	11.1146155852593	20.5101375928919	8.46505751826974	6.59968511620489
29,1	10.4582421757932	20.6839286311041	8.45589507462575	6.63016121466488
29,2	9.83334781831105	20.8352180311729	8.44808625555011	6.66178172158249
29,3	9.23845119085166	20.9638602065888	8.44156965452265	6.69446439692437
29,4	8.67217950943551	21.069668589174	8.43627434789916	6.7281161903017
29,5	8.13325959641209	21.1524291580867	8.43212107139055	6.76263418451472
29,6	7.62050947931834	21.2119131581277	8.42902339395259	6.79790661329197
29,7	7.13283045038864	21.2478892510363	8.42688885372782	6.8338139173133
29,8	6.66919953050404	21.2601352698174	8.42562003358118	6.87022981409668
29,9	6.22866229373347	21.2484496830001	8.42511556323076	6.90702236537271
30	5.81032602007562	21.2126628200527	8.42527104194011	6.9440550311081
30,1	5.41335315477543	21.1526478612555	8.42597987936758	6.9811877030699
30,2	5.03695506274246	21.0683315587632	8.42713404946425	7.01827771344916
30,3	4.68038607615102	20.9597045819519	8.42862477675826	7.0551808154681
30,4	4.34293784219033	20.8268313581421	8.4303431671713	7.0917521330826
30,5	4.02393398587971	20.6698592653894	8.43218078440931	7.12784707748397
30,6	3.72272510964222	20.4890269964649	8.43403018117585	7.16332222832643
30,7	3.4386841566537	20.2846718937888	8.43578539525161	7.19803617751176
30,8	3.17120216851893	20.0572360457107	8.4373424201573	7.23185033321038
30,9	2.91968446925671	19.8072709357401	8.43859965926729	7.26462968166905
31	2.68354730663727	19.5354404493929	8.43945837088217	7.29624350429985
31,1	6.1696406456453	19.4214273206804	8.43847583241246	7.32768993933224
31,2	9.78358639651176	19.567076880008	8.43419697266584	7.35948982532272
31,3	13.2117051328996	19.8417342166097	8.42724833601352	7.39096694247622
31,4	16.4721435071129	20.1891748297246	8.41804851134877	7.42198495042805
31,5	19.5774234602606	20.5799238129307	8.40691429172122	7.45255576665808
31,6	18.801758526955	20.9739334141169	8.39521756219328	7.4834083588785
31,7	17.7359573808226	21.3355421856029	8.38459116496914	7.51545377162672
31,8	16.7239198120738	21.666371576662	8.37504753884904	7.54864895490793
31,9	15.7625866348944	21.9676980773976	8.36661091866171	7.58297014844534
32	14.8491414833753	22.2404659460139	8.3593078426141	7.61840017082623
32,1	13.9809883843113	22.4853536969202	8.35316060367057	7.65492011239383
32,2	13.1557321116895	22.7028269040164	8.34818308716815	7.69250382606599
32,3	12.3711607186844	22.8931810309646	8.34437833467162	7.73111446620184
32,4	11.6252298209953	23.0565768872694	8.34173733230503	7.77070250892219
32,5	10.9160483167774	23.1930705806663	8.34023864970398	7.81120483316043
32,6	10.2418653028945	23.3026393364593	8.33984865498553	7.85254455375821
32,7	9.60105799989888	23.3852041983449	8.34052210633749	7.89463138206591
32,8	8.99212053732162	23.4406503634856	8.34220297700915	7.9373623517618
32,9	8.41365348131272	23.4688457066335	8.34482541210769	7.98062279316317
33	7.86435401130047	23.4696578943629	8.34831474631161	8.02428747234814
33,1	7.3430066729397	23.4429703679987	8.35258853423771	8.06822183517732
33,2	6.84847465233472	23.3886973739796	8.35755756188179	8.11228331324933
33,3	6.3796915320649	23.3067981373892	8.36312681988025	8.15632266077761
33,4	5.93565350333766	23.1972902044598	8.36919642846332	8.20018529970172
33,5	5.51541202086185	23.0602619207012	8.37566251071361	8.24371265606148
33,6	5.11806689784003	22.895883961693	8.38241801568362	8.2867434745268
33,7	4.74275984776578	22.7044197931074	8.38935349645161	8.3291151005605
33,8	4.38866848733924	22.4862349054064	8.39635785056471	8.37066472142795
33,9	4.05500082057612	22.2418046475282	8.40331903169025	8.41123055847966
34	3.74099022784613	21.9717204736665	8.41012474176948	8.45065300406123
34,1	3.44589098490207	21.6766944189187	8.41666311260474	8.48877569721959
34,2	3.16897433576313	21.3575616339882	8.42282338466335	8.52544653318339
34,3	2.90952513949234	21.0152808366926	8.42849658901146	8.56051860245657
34,4	2.6668391044976	20.65093257855	8.43357623578544	8.59385105628659
34,5	2.44022061519976	20.265715277088	8.43795900959411	8.62530989622715
34,6	5.92905977049409	20.0737112604066	8.44013575297895	8.65656567058362
34,7	9.53339490657754	20.2023827315583	8.4386015589315	8.68867769271328
34,8	12.9444304086584	20.4977275349754	8.43413353925513	8.72070985734457
34,9	16.1829564783608	20.8905384747448	8.42726760530962	8.75247717049929
35	19.2631100671465	21.3433259581012	8.4183939145764	8.78399013852889
35,1	18.4619944387184	21.8019779222082	8.40898198921635	8.81601593762431
35,2	17.3732419640722	22.2172666848536	8.40073997649234	8.84946952134113
35,3	16.3406698029633	22.5912625286523	8.39366522890047	8.88424919082085
35,4	15.3611406265173	22.9256558306796	8.38776813402596	8.92027973239153
35,5	14.4317671525287	23.2217631207249	8.38306238300175	8.95749698344748
35,6	13.5498881466187	23.4806059108031	8.37955814851818	8.9958378866298
35,7	12.7130473047567	23.702974019825	8.37725771415451	9.03523390164215
35,8	11.9189744016242	23.889477457177	8.37615286780329	9.07560686914661
35,9	11.1655682721023	24.0405897284987	8.37622354160409	9.11686664693582
36	10.4508813090725	24.1566846236672	8.37743731631281	9.15891001592189
36,1	9.77310523927353	24.2380679850601	8.37974951214218	9.20162048822985
36,2	9.13055799525429	24.2850055478176	8.38310366634015	9.24486874993363
36,3	8.52167154373444	24.297747642235	8.38743225581246	9.28851354450622
36,4	7.94498056365002	24.2765513198189	8.3926575658491	9.33240285644024
36,5	7.39911189364588	24.2217002882628	8.39869263739488	9.37637529294026
36,6	6.88277469050449	24.1335229029143	8.405442248293	9.42026158908785
36,7	6.39475125803347	24.0124083540072	8.41280390073869	9.46388618144288
36,8	5.9338885209118	23.8588211038405	8.4206687994086	9.50706880891299
36,9	5.4990901302744	23.6733135621934	8.42892281352128	9.54962610956185
37	5.08930919756697	23.4565369390439	8.43744742223145	9.59137318906617
37,1	4.70354166054298	23.209250200131	8.44612058120987	9.632125142539
37,2	4.34082029375278	22.9323280637455	8.45481405917865	9.67169862545443
37,3	4.00020936655086	22.6267659361039	8.46339326869166	9.70991366113547
37,4	3.68079995484032	22.2936804145497	8.47172444323238	9.74659495922175
37,5	3.38170592874958	21.9343094185718	8.47967585740401	9.7815729177642
37,6	3.10206061035427	21.5500100772881	8.48711852231048	9.81468456505567
37,7	2.84101409399733	21.1422541915634	8.49392692183027	9.84577443803506
37,8	2.59773121250417	20.7126213296976	8.49997978182028	9.87469539064946
37,9	2.37139012140424	20.2627896797376	8.50516086102821	9.90130932789704
38	2.16118146164858	19.7945248479507	8.50935974912152	9.92548786311785
38,1	5.65886990304509	19.557134061505	8.51108544891167	9.94957909913383
38,2	9.25887868074116	19.7038101758654	8.50882977402701	9.97526945464248
38,3	12.6574271078067	20.0563118041498	8.5035072584237	10.0014698977671
38,4	15.8780638037627	20.5316807835903	8.49578417557015	10.0279996663144
38,5	18.9366511776681	21.0837529814974	8.48613073690825	10.0548893905469
38,6	18.113493658028	21.6425705667401	8.47612712039459	10.0829233292291
38,7	17.005368218501	22.1436276181694	8.46755836258694	10.1129552632795
38,8	15.9559845572236	22.5897924033256	8.4603830041539	10.144782057002
38,9	14.9621015291462	22.9834971369474	8.45457564378157	10.1782409091539
39	14.0207346012279	23.3267410069527	8.45011670898302	10.2131900236839
39,1	13.1291302248671	23.6211849095671	8.44698520962159	10.2494961633868
39,2	12.2847432127135	23.8682278953113	8.44515408232113	10.2870263309668
39,3	11.4852165089263	24.0690698935494	8.44458738155863	10.3256424530959
39,4	10.7283629231142	24.2247639648242	8.44523876487113	10.3651982305049
39,5	10.0121485149288	24.3362604249148	8.44705086950164	10.4055375390057
39,6	9.33467739634704	24.4044445405919	8.44995529136337	10.4464939327328
39,7	8.69417777636508	24.4301690278345	8.45387296167062	10.4878909234639
39,8	8.08898911600738	24.4142822355929	8.45871477874558	10.529542799082
39,9	7.51755029477294	24.3576526376515	8.46438239794299	10.5712558086738
40	6.97838871563024	24.2611900587162	8.47076911565551	10.6128295880439
40,1	6.47011029612376	24.1258639128393	8.47776080719241	10.6540587326178
40,2	5.99139030911844	23.9527186218496	8.48523689530819	10.6947344485321
40,3	5.54096504883577	23.7428863011852	8.49307133798088	10.7346462299221
40,4	5.11762430652033	23.4975967453411	8.50113363189779	10.7735835230154
40,5	4.72020464555173	23.2181847116652	8.50928983285232	10.8113373470623
40,6	4.34758346823148	22.9060944871306	8.51740359650787	10.8477018493878
40,7	3.99867386595296	22.5628817262896	8.52533724321245	10.8824757776239
40,8	3.67242024117154	22.1902125683338	8.53295284913797	10.9154638569224
40,9	3.36779468378779	21.7898600753209	8.54011336331997	10.9464780639039
41	3.08379407663857	21.363698079872	8.54668374653572	10.9753387924145
41,1	6.51583709607141	21.1403604519242	8.55091889673828	11.0042111177601
41,2	10.055660799998	21.2823631567156	8.55117911326692	11.0349486463521
41,3	13.3946406786026	21.634966566306	8.54847652063563	11.0666272489314
41,4	16.555470553698	22.1192784618746	8.54352065468111	11.0990836243758
41,5	19.554012033129	22.6889557806612	8.53680871414659	11.1323498168135
41,6	18.6723671528457	23.2665665108348	8.52999937554331	11.1671994833233
41,7	17.5095193181336	23.7785246878962	8.52494443151954	11.2044230719142
41,8	16.4090191979019	24.2279584567336	8.5215577130098	11.2437372440826
41,9	15.3674735734387	24.6175686097465	8.51977163049933	11.2849052517302
42	14.3817537230329	24.9496255842319	8.5195274474365	11.3277162935714
42,1	13.4489688552657	25.2260666010551	8.52076809877794	11.371972242523
42,2	12.5664424498567	25.448574915964	8.52343339560563	11.4174786982501
42,3	11.7316909829196	25.6186464814802	8.52745604650733	11.4640392084179
42,4	10.9424046752961	25.7376573802534	8.53274970133461	11.5114518268936
42,5	10.1964299564163	25.8068854214776	8.53922764474069	11.5595073190498
42,6	9.49175340647657	25.8275558240985	8.54679749560465	11.6079884896395
42,7	8.82648707997166	25.8008795514816	8.55535753788876	11.6566704038227
42,8	8.19885506537848	25.7280820939254	8.56479704936542	11.7053212055403
42,9	7.60718118665262	25.6104279537392	8.57499683107	11.753703342388
43	7.04987777799721	25.4492412419725	8.58582988275606	11.8015750581744
43,1	6.52543548100037	25.2459226645032	8.59716218832502	11.8486920493024
43,2	6.03241402639934	25.0019630778171	8.60885359021786	11.8948092066675
43,3	5.56943397198301	24.7189537279109	8.62075874178031	11.939682383705
43,4	5.13516937384832	24.3985932445083	8.63272813271401	11.9830701455378
43,5	4.72834137062589	24.0426914438342	8.64460918569107	12.0247354652799
43,6	4.34771265958808	23.6531699941184	8.65624742265204	12.0644473423905
43,7	3.99208283998217	23.2320600167183	8.66748769773646	12.1019823251562
43,8	3.66028459281867	22.7814967300695	8.678175490673	12.1371259252671
43,9	3.35118065816178	22.3037112908249	8.68815825025092	12.1696739172394
44	3.06366156135787	21.8010200429629	8.69728677267415	12.1994335191973
44,1	2.7966440294119	21.2758114468642	8.70541659462445	12.2262244543139
44,2	2.54907002881713	20.7305310210312	8.71240937623991	12.2498798940536
44,3	2.31990634754539	20.1676646834922	8.7181342454251	12.2702472853429
44,4	2.10814463753012	19.5897209223727	8.7224690723789	12.2871890640413
44,5	1.9128018305558	18.9992122507981	8.72530164230957	12.3005832567744
44,6	1.73292084043252	18.3986364069425	8.72653069524003	12.3103239725472
44,7	1.56757146773633	17.7904577444371	8.72606680468222	12.3163217848004
44,8	1.41585142988026	17.1770892227094	8.72383307169424	12.3185040039244
44,9	1.2768874481364	16.5608753546232	8.71976561717046	12.3168148398453
45	1.14983633349039	15.9440764054046	8.71381386272496	12.3112154542441
45,1	1.03388602381688	15.3288540686519	8.70594059865599	12.3016839022517
45,2	0.928256534835173	14.7172587786691	8.69612184558957	12.2882149640252
45,3	0.832200795898734	14.1112187588481	8.68434652385883	12.2708198673511
45,4	0.745063113203972	13.5125387513681	8.67061599227314	12.2495260038304
45,5	0.666385637548928	12.9229998024345	8.65494426735762	12.2243784619916
45,6	0.595484106676748	12.3442968295274	8.63735797451012	12.195440915902
45,7	0.531683412320094	11.7779272683987	8.61789495517453	12.1627937105544
45,8	0.474352438427002	11.2251921219717	8.59660293596958	12.1265322814743
45,9	0.422903223432796	10.6872022346504	8.5735382272685	12.0867656071839
46	0.376789879232097	10.164885863304	8.54876446195028	12.0436146715628
46,1	0.335507287819178	9.65899738981995	8.52235139125677	11.9972109432548
46,2	0.298589600242718	9.17012701178358	8.49437374983101	11.9476948793608
46,3	0.265608565884408	8.69871123890941	8.46491019772539	11.8952144608715
46,4	0.236171722750824	8.24504401508606	8.43404234362895	11.8399237675753
46,5	0.209920481158437	7.80928828110039	8.40185385081369	11.7819816004217
46,6	0.1865281337097	7.39148779271389	8.36842962528881	11.7215501594402
46,7	0.165697823764844	6.99157901355938	8.3338550842676	11.6587937852063
46,8	0.147160502803183	6.60940291240262	8.2982155021584	11.5938777714816
46,9	0.130672904332758	6.2447165091467	8.26159543075296	11.5269672559843
47	0.116015558599641	5.89720403258757	8.22407818998542	11.4582261953175
47,1	0.102990868537271	5.56648757415095	8.18574542547886	11.3878164289092
47,2	0.0914212634358564	5.2521371443953	8.14667672901908	11.3158968354788
47,3	0.081147442919411	4.95368006177586	8.10694931805476	11.2426225841018
47,4	0.0720267201619228	4.67060962503298	8.06663777029755	11.1681444804721
47,5	0.0639314699721966	4.40239304082272	8.02581380947603	11.0926084075252
47,6	0.056747684498833	4.14847859631031	7.98454613828598	11.0161548582387
47,7	0.0503736368821891	3.90830208207999	7.94290031457939	10.938918557226
47,8	0.04471865120678	3.68129248374732	7.90093866685481	10.8610281666984
47,9	0.0397019755605355	3.46687697111341	7.85872024515659	10.7826060715297
48,1	3.68643234525935	3.51478732774269	7.77367669691073	10.6260605211461
48,2	7.38638848721973	4.37308139237843	7.7312065429817	10.5534198273294
48,3	10.8612235192907	5.49643581061362	7.68980523967627	10.4879016285924
48,4	14.1443134176175	6.7496465973427	7.64989323765015	10.4301656152743
48,5	17.2585652549926	8.06385146876797	7.61159411845833	10.38013031613
48,6	16.4888817085064	9.34375461558851	7.57592923660216	10.338243785839
48,7	15.4351968862147	10.5062170336588	7.54402894259539	10.3046256829063
48,8	14.4409160372617	11.560828657	7.51552327555336	10.2781227666999
48,9	13.5025368484097	12.5156388250858	7.49012194295889	10.2578384892952
49	12.6168528062809	13.3774008846354	7.46758860784055	10.2430529424722
49,1	11.780918772014	14.1518661117573	7.44772282349842	10.2331685901274
49,2	10.9920217951714	14.8440032591219	7.43034756607328	10.2276729988047
49,3	10.2476558972357	15.4581660733399	7.41530065274983	10.2261131731259
49,4	9.54549997600582	15.9982236126306	7.40242886390864	10.2280778812229
49,5	8.88339823850018	16.4676634072669	7.39158395336052	10.2331855253288
49,6	8.25934273623979	16.8696743730585	7.38261998263475	10.2410758890858
49,7	7.67145768996887	17.2072142956752	7.37539158889517	10.2514046124405
49,8	7.11798537075472	17.4830652812163	7.36975291609328	10.2638395951247
49,9	6.59727336226593	17.6998795872069	7.365557022261	10.2780587677231
50	6.10776307159702	17.8602175632986	7.36265563379911	10.2937488324678
50,1	5.64797938747844	17.9665789490278	7.36089915794685	10.3106046887282
50,2	5.21652140776973	18.0214284360046	7.36013689255662	10.3283293369348
50,3	4.8120541745572	18.0272161633925	7.36021739140491	10.3466341102672
50,4	4.43330136618448	17.986393651246	7.36098895599255	10.3652391231385
50,5	4.07903890202164	17.901425567483	7.36230023282933	10.3838738542664
50,6	3.74808941843548	17.7747976577459	7.36400089978328	10.4022778032525
50,7	3.43931757389674	17.6090211333127	7.36594242711268	10.4202011753726
50,8	3.15162613809289	17.4066338027455	7.36797889900314	10.4374055612099
50,9	2.88395281499855	17.1701982413958	7.36996788039488	10.4536645868819
51	2.63526774384808	16.9022973130616	7.37177131212216	10.4687645175899
51,1	2.40457161566574	16.6055273841244	7.37325641536151	10.4825048025433
51,2	2.1908943372554	16.2824895968089	7.37429658451563	10.4946985533032
51,3	1.99329417009427	15.935779589697	7.37477224631126	10.5051729505209
51,4	1.81085726903575	15.5679760660325	7.37457166236654	10.5137695761265
51,5	1.64269754551666	15.1816286106009	7.37359165300536	10.5203446694522
51,6	5.1705210764119	15.0762088975731	7.37081666973546	10.5272994611103
51,7	8.78306594217049	15.4326474774721	7.36521270146886	10.53689762182
51,8	12.1838440701659	16.0350422553645	7.3577328958454	10.5486072525446
51,9	15.3999587866798	16.7817864506907	7.34909521067714	10.5625057245837
52	18.449399845687	17.6157058957327	7.33975781174902	10.5787090624113
52,1	17.6160900924019	18.4475855785481	7.33114522730338	10.5979835644438
52,2	16.5002558126435	19.1950175644101	7.32479117824669	10.6209838426995
52,3	15.4454671766405	19.8628584940483	7.32053219267941	10.6472664097645
52,4	14.4483501076592	20.4553288756867	7.31823575078536	10.6764690617973
52,5	13.5057965947742	20.9760381141662	7.31778876963807	10.7082812163673
52,6	12.614936889802	21.4281167235937	7.31908893527454	10.7424240610615
52,7	11.773114965732	21.8143222645411	7.32203863765602	10.7786368959735
52,8	10.9778666162008	22.1371254090853	7.32654079702823	10.8166679631368
52,9	10.2268997558567	22.3987807199025	7.33249605608775	10.8562685105179
53	9.51807660016778	22.6013854563083	7.3398009556254	10.8971891787691
53,1	8.84939748559947	22.7469288098503	7.34834681893584	10.9391780492911
53,2	8.21898615049632	22.8373333130643	7.35801914989641	10.9819798739746
53,3	7.62507634098161	22.8744896842554	7.36869740793034	11.0253361380919
53,4	7.06599963923553	22.8602860191884	7.38025506542709	11.068985702007
53,5	6.540174436386	22.7966319832909	7.39255988365755	11.1126658350349
53,6	6.04609599071457	22.6854784716194	7.40547436479178	11.1561135035381
53,7	5.58232752508623	22.5288330717954	7.41885635247836	11.1990668107252
53,8	5.14749232621997	22.3287715757344	7.43255976315151	11.2412665115775
53,9	4.7402668131571	22.0874457310146	7.44643543594665	11.2824575456808
54	4.35937454347456	21.8070873961797	7.4603320916928	11.3223905454278
54,1	4.00358112381842	21.4900092614788	7.47409739159761	11.3608232884245
54,2	3.671689986639	21.1386023134685	7.48757908453235	11.397522071848
54,3	3.36253898813557	20.7553302545002	7.50062622879073	11.4322629935347
54,4	3.07499777404762	20.3427211319882	7.51309047035101	11.4648331300759
54,5	2.80796585087849	19.9033564825366	7.52482735551988	11.4950316063776
54,6	2.56037129132681	19.4398583469903	7.53569765187683	11.5226705541703
54,7	2.33116999508273	18.9548745585396	7.54556864814301	11.5475759589597
54,8	2.11934542059964	18.4510627416286	7.55431540139546	11.5695883960627
54,9	1.92390870068166	17.9310734799149	7.56182189928636	11.5885636568387
55	1.74389905514788	17.3975331136891	7.56798210584902	11.6043732662236
55,1	5.25902895639038	17.1554192117477	7.57172326353657	11.6200768850333
55,2	8.85416531467319	17.4013543753147	7.5718764202872	11.6384093230716
55,3	12.233055298606	17.9197320580896	7.56951736115556	11.6585581281761
55,4	15.4237284749379	18.6045953426152	7.56551821449541	11.6805691869203
55,5	18.445018792502	19.3945454912584	7.56045270165782	11.7045930567295
55,6	17.5834408912479	20.188567499278	7.55593350313041	11.731405609272
55,7	16.4420458957677	20.8917260060948	7.55365477642179	11.7615978532494
55,8	15.3643006647069	21.5092310370034	7.55343397223094	11.7946869220078
55,9	14.3467281211355	22.045656454158	7.55512121767635	11.8302769217566
56	13.3861192677499	22.5049615743309	7.5585873823339	11.8680273093803
56,1	12.4795042822036	22.8906313844765	7.56371490987331	11.90763195822
56,2	11.6241270354265	23.2057885901825	7.57039134679082	11.948804801453
56,3	10.8174224130869	23.4532841309591	7.57850484786005	11.9912702497544
56,4	10.0569960012984	23.635770942421	7.58794112468366	12.0347570534565
56,5	9.34060581611858	23.7557644379413	7.59858144872831	12.0789946365482
56,6	8.66614583779496	23.8156922444707	7.61030142957124	12.1237111937814
56,7	8.03163116860855	23.8179350481953	7.6229703700329	12.1686330347947
56,8	7.43518467519051	23.7648599120774	7.63645105896386	12.2134847988259
56,9	6.8750250069137	23.6588470686859	7.65059990500431	12.2579902645926
57	6.34945590421781	23.5023109329357	7.66526734472413	12.3018735530908
57,1	5.85685672633509	23.2977158957256	7.68029847923471	12.3448605743436
57,2	5.39567413804507	23.0475873336024	7.69553390690413	12.3866806082712
57,3	4.96441490064325	22.7545181890843	7.71081072789285	12.4270679389399
57,4	4.56163971391121	22.4211714321228	7.72596370014873	12.4657634833249
57,5	4.18595805411257	22.0502786983529	7.74082652728402	12.5025163723655
57,6	3.83602394853505	21.6446354083082	7.75523325726621	12.5370854548088
57,7	3.51053262057535	21.2070926979495	7.7690197678507	12.5692407040165
57,8	3.20821793168641	20.7405465341819	7.78202529124221	12.5987645154363
57,9	2.92785053886576	20.2479245301382	7.79409355329131	12.6254529044396
58	2.66823667812591	19.7321706457341	7.80507443045141	12.6491166074432
58,1	2.42821748039888	19.1962283237693	7.81482598839619	12.6695820107
58,2	2.20666872386946	18.6430228234042	7.82321591591751	12.6866919410139
58,3	2.00250092605578	18.0754431160638	7.83012281034452	12.7003063373638
58,4	1.8146596834263	17.4963238334804	7.83543730569978	12.7103028021294
58,5	1.64212617353403	16.9084277281587	7.83906301244124	12.7165770301571
58,6	5.16056892272808	16.6339127404017	7.84007688619533	12.7226269682712
58,7	8.75100782293179	16.8856329441047	7.83739290964716	12.7317370775157
58,8	12.1193791263621	17.4371345882859	7.83217404597815	12.7432112737376
58,9	15.2952710032159	18.1743166511299	7.82541558963916	12.7572247354596
59	18.2986507480603	19.0298901464122	7.81776991252559	12.7740064423864
59,1	17.4188087197269	19.8894022521957	7.81097793587742	12.7943479723122
59,2	16.2616809186759	20.6445658935074	7.80681729979797	12.8187106378999
59,3	15.1705902228504	21.3018012938775	7.80503981568486	12.8464582235818
59,4	14.141920035368	21.8667752360835	7.8054393524583	12.8770692793267
59,5	13.1723277073358	22.3444415845668	7.80783758922848	12.9100981994852
59,6	12.2587141748472	22.7392064688589	7.81207308779552	12.9451493700187
59,7	11.3981973073722	23.0550586798179	7.81799354591857	12.9818593734292
59,8	10.588088318666	23.2956735561327	7.8254503774251	13.0198849959435
59,9	9.82587077732739	23.4644963156009	7.83429499410639	13.0588953938037
60	9.1091818760405	23.5648091513012	7.84437633815214	13.0985672282667
60,1	8.43579570202034	23.5997852483531	7.85553934266817	13.1385819086946
60,2	7.80360831006014	23.5725320417161	7.86762409166764	13.1786243212578
60,3	7.21062444175812	23.4861254347332	7.88046551834761	13.2183825921007
60,4	6.65494576475082	23.3436362666695	7.89389352814664	13.2575485571035
60,5	6.13476052708573	23.148150010016	7.90773346607277	13.2958186994012
60,6	5.64833453617736	22.9027804630765	7.92180686984755	13.3328953805116
60,7	5.19400338044373	22.6106780579771	7.93593246431378	13.3684882383175
60,8	4.77016581571515	22.2750333126026	7.94992736040102	13.4023156601617
60,9	4.37527823869813	21.8990759050347	7.96360842522481	13.4341062653587
61	4.00785016699702	21.4860698312191	7.97679378946708	13.463600350861
61,1	3.66644064034483	21.0393051113098	7.98930445862784	13.4905512681689
61,2	3.34965545176631	20.5620865310105	8.00096599127207	13.514726709945
61,3	3.05614511144612	20.0577199326326	8.01161020271737	13.5359098922018
61,4	2.78460344117781	19.5294965978349	8.02107685088993	13.5539006228333
61,5	2.53376669441358	18.980676283832	8.02921525968445	13.5685162502484
61,6	2.30241309689427	18.4144694809382	8.03588583526981	13.5795924874254
61,7	2.08936270608227	17.8340194472428	8.04096143280013	13.5869841073429
61,8	1.89347749422368	17.2423845438654	8.04432853506894	13.5905655058604
61,9	1.71366156949589	16.642521342062	8.04588821073534	13.5902311281048
62	1.54886146164003	16.037268904396	8.0455568276128	13.5858957545497
62,1	5.07149582596551	15.7629356722683	8.04258586984693	13.5813028354319
62,2	8.65956534078066	16.0450028321906	8.03603318349575	13.5801857592793
62,3	12.020775650545	16.647728987478	8.02712936963036	13.5820890190834
62,4	15.185961437886	17.4502731278936	8.01695900997904	13.5873509387735
62,5	18.1760046568708	18.3805277499452	8.00622416924196	13.5962804487638
62,6	17.2824996242228	19.3128218765159	7.99674514109409	13.6096779820655
62,7	16.113784113373	20.127810150767	7.99033414318738	13.6278648394685
62,8	15.0130486668219	20.8332115535387	7.98666942806563	13.650037304724
62,9	13.9765493992221	21.4358455424232	7.98548270282966	13.6755386366258
63	13.0008223021263	21.9416999604473	7.9865421288009	13.7038116835978
63,1	12.0826515981447	22.3561245190188	7.98963934623714	13.7343672582767
63,2	11.2190420927066	22.6839816865174	7.99458023572003	13.7667622993689
63,3	10.4071948365353	22.9297653722056	8.00117840651905	13.8005850223988
63,4	9.64448560493504	23.0976948311779	8.00925068125436	13.8354450483221
63,5	8.92844582676172	23.1917891498244	8.01861405333758	13.8709670687973
63,6	8.25674568265297	23.2159262148676	8.02908374448769	13.9067870153494
63,7	7.62717915296084	23.1738890356628	8.04047209785755	13.9425499910374
63,8	7.03765083910782	23.069401553865	8.05258811897138	13.9779094309309
63,9	6.48616441277393	22.9061555512892	8.06523753012617	14.0125271060906
64	5.97081256859024	22.687829897	8.07822324034773	14.0460736922862
64,1	5.48976836996793	22.4181031175147	8.09134615696842	14.0782297016691
64,2	5.04127788583103	22.1006601007461	8.10440627977422	14.108686631642
64,3	4.62365401953363	21.7391936341469	8.11720402698482	14.1371482261768
64,4	4.23527143119455	21.3374014146458	8.12954174603931	14.1633317749159
64,5	3.87456245213813	20.8989791395561	8.14122536282441	14.1869693973905
64,6	3.54001388620175	20.427610282527	8.15206612188818	14.2078092755704
64,7	3.2301645885153	19.9269531665875	8.16188236840729	14.2256168091576
64,8	2.94360370911488	19.4006259579646	8.17050132112364	14.2401756756301
64,9	2.67896948745282	18.8521902111747	8.17776078487496	14.2512887819132
65	2.43494848531609	18.2851335908477	8.18351075227942	14.2587790974437
65,1	5.89042546575137	18.0025270031929	8.18639223318129	14.2659763696565
65,2	9.42238050981474	18.2315034449166	8.18521457837011	14.2764994672615
65,3	12.7314375623027	18.7709961382017	8.1813865455579	14.2899262161445
65,4	15.8462854989745	19.5109239655306	8.1760294833404	14.3065326347144
65,5	18.7869916924481	20.3831174218892	8.1698883313534	14.3266132350475
65,6	17.8458443886705	21.2600048347299	8.1649156319946	14.3509478424501
65,7	16.632449162995	22.0178310274177	8.16306168928043	14.3798226490118
65,8	15.4898716078544	22.6641956598263	8.16399624586366	14.4124331996504
65,9	14.4142457992088	23.2058767160799	8.16743936918342	14.4481121625433
66	13.4019883957779	23.6488836847573	8.17314550262637	14.4862851969922
66,1	12.4497669648339	23.9986386896231	8.18089108996536	14.5264417039199
66,2	11.5544721893579	24.2601184612046	8.19046571121129	14.5681146358212
66,3	10.7131933470953	24.4379662904993	8.2016658054146	14.6108668107033
66,4	9.92319661229763	24.5365805840755	8.21429030866048	14.654281879179
66,5	9.18190585385873	24.5601848574279	8.22813772410925	14.6979586087529
66,6	8.48688688307036	24.5128830566365	8.24300428015742	14.7415075273364
66,7	7.83583285180972	24.3987036371433	8.25868294477705	14.7845492723911
66,8	7.2265486269581	24.2216319096057	8.2749631206884	14.8267141264941
66,9	6.65693919425098	23.9856326873957	8.29163086869942	14.8676423109261
67	6.1249998471858	23.6946654521019	8.30846956094035	14.906984771002
67,1	5.62880780827185	23.3526930012926	8.32526089292813	14.9444042698074
67,2	5.16651517066764	22.9636843677889	8.34178619509298	14.9795766584934
67,3	4.73634305078344	22.5316127110413	8.35782799010063	15.0121922290801
67,4	4.33657684173942	22.0604488350587	8.37317174393321	15.0419570833493
67,5	3.96556245475622	21.5541509717412	8.38760775778854	15.0685944713849
67,6	3.62170343179044	21.0166514725455	8.40093314570622	15.0918460674301
67,7	3.30345880922861	20.4518410648582	8.41295384051735	15.1114731603029
67,8	3.00934161039543	19.8635513426628	8.42348656914753	15.1272577417029
67,9	2.73791784502878	19.2555361654853	8.43236073820734	15.1390034792581
68	2.48780589745381	18.6314526283083	8.4394201727095	15.1465365628882
68,1	2.25767619229254	17.9948422335845	8.44452465497651	15.1497064137284
68,2	2.04625103706536	17.349112842886	8.44755121743098	15.1483862450778
68,3	1.85230455442524	16.6975219113152	8.44839515184323	15.1424734651102
68,4	1.6746626320873	16.0431614166246	8.44697070836403	15.131889911783
68,5	1.51220283460211	15.3889447933208	8.44321146970942	15.1165819116833
68,6	1.36385423672282	14.7375960774711	8.43707039845308	15.0965201565239
68,7	1.22859715209044	14.0916413683193	8.428519567702	15.071699393549
68,8	1.1054627424372	13.4534026250287	8.41754959667169	15.0421379290616
68,9	0.99353250100042	12.8249937458988	8.4041688221255	15.0078769474284
69	0.891937609299817	12.2083188256812	8.38840224376295	14.9689796510451
69,1	0.799858169218561	11.6050724539035	8.37029028613842	14.9255302297112
69,2	0.716522313111109	11.0167419007258	8.34988742152718	14.8776326705617
69,3	0.641205194272912	10.4446110324991	8.32726069754215	14.8254094221342
69,4	0.573227859386101	9.88976580181467	8.30248821065209	14.7689999283155
69,5	0.511956007469869	9.35310116215561	8.27565756259538	14.7085590498734
69,6	0.456798807770694	8.83532933017332	8.24686433212847	14.6442553943108
69,7	0.407207457168574	8.33698938513112	8.21621059193909	14.5762695835433
69,8	0.362673274886266	7.85845755857516	8.18380349017746	14.5047924785483
69,9	0.322726023449996	7.39995817876308	8.14975390772675	14.4300233719635
70	0.286932757872398	6.96157529823261	8.11417520274929	14.3521681719871
70,1	0.254962455005813	6.54328376089353	8.07718216178563	14.2714378333955
70,2	0.226482689543643	6.14499446906317	8.03889050109093	14.1880478393079
70,3	0.201129754212686	5.76650211829202	7.99941594239886	14.1022166718884
70,4	0.17857425978653	5.40748691385774	7.95887306177461	14.0141635533574
70,5	0.1585185719706	5.06753196278481	7.91737431061998	13.924106414491
70,6	0.140694319250602	4.74613954860982	7.87502919488491	13.8322601024529
70,7	0.12485999186053	4.44274620213421	7.83194360035013	13.7388348244144
70,8	0.110798648165724	4.15673651048382	7.78821925159349	13.6440348203739
70,9	0.0983157408314579	3.88745563512925	7.7439532922368	13.5480572558483
71	0.0872370713652859	3.63422053599113	7.69923797423061	13.4510913227422
71,1	0.0774068781371069	3.39632992246788	7.65416044423359	13.3533175347603
71,2	0.0686860598972833	3.17307297256496	7.60880261555679	13.2549072022309
71,3	0.0609505341853211	2.96373687793858	7.56324111465237	13.1560220701758
71,4	0.054089727865556	2.76761328550944	7.51754729171722	13.0568141028765
71,5	0.0480051953282495	2.5840037154796	7.47178728564061	12.9574253980144
71,6	0.0426093586202431	2.41222404137967	7.42602213423565	12.8579882136694
71,7	0.0378243628720965	2.25160812057134	7.38030792144168	12.7586250919871
71,8	0.0335810398157004	2.10151066387575	7.33469595395372	12.6594490641099
71,9	0.0298179718838245	1.96130943115732	7.28923296050799	12.560563921957
72	0.0264806492992958	1.83040683621718	7.24396130781711	12.4620645435696
72,1	3.67348400963456	2.1749235957316	7.19904582267144	12.36508113552
72,2	7.35393516526791	3.19143361958092	7.15594441510002	12.2749723322161
72,3	10.797191052782	4.52271051907745	7.11598904367336	12.1953554656166
72,4	14.0402212763619	6.01712521097736	7.07958229216759	12.1273405662841
72,5	17.1061483311474	7.59329485126523	7.04669712027993	12.0708238056375
72,6	16.2865225699326	9.12386501256338	7.01813307836538	12.0260273893911
72,7	15.1884290764236	10.4942268942172	6.9946849677123	11.9924381213456
72,8	14.1549906705217	11.7186535476997	6.97567567746497	11.9681992104125
72,9	13.1824375391128	12.8090443714172	6.96057035065384	11.9518851445454
73	12.2673123811236	13.7753959831524	6.94893421961731	11.942365730013
73,1	11.4064301946127	14.6262725155076	6.94040305680732	11.938716159553
73,2	10.5968453715913	15.3691457956009	6.93466251743694	11.9401563417106
73,3	9.83582352663545	16.0106472671523	6.93143356122577	11.9460095516987
73,4	9.12081709696112	16.5567581861136	6.9304620928178	11.9556740568631
73,5	8.44944405248867	17.0129554965125	6.93151157396139	11.9686035794344
73,6	7.81946923440875	17.3843250660453	6.93435776239704	11.9842938514445
73,7	7.22878796319579	17.6756502777969	6.93878499883013	12.0022734109542
73,8	6.67541164210616	17.8914815571255	6.94458364181899	12.022097373163
73,9	6.1574551420073	18.0361907992016	6.95154837084023	12.0433432980815
74	5.67312579542378	18.1140135714676	6.95947715937843	12.0656085381086
74,1	5.22071385681408	18.129081220963	6.96817077508148	12.0885086278874
74,2	4.79858430558445	18.0854445073331	6.97743270104935	12.1116764030534
74,3	4.40516988053636	17.9870900356183	6.98706939672342	12.1347616219098
74,4	4.03896524111611	17.8379505299359	6.99689083243893	12.1574309263467
74,5	3.69852215347378	17.6419098361926	7.00671124121609	12.1793680231778
74,6	3.38244559927637	17.4028034446477	7.01635003679442	12.2002739996194
74,7	3.0893907037092	17.1244152630249	7.02563284978129	12.219867710333
74,8	2.81806037732395	16.810471333348	7.03439263527299	12.2378861906768
74,9	2.5672035654252	16.4646311589756	7.04247080634804	12.2540850632382
75	2.3356139994304	16.0904772830107	7.04971834915387	12.2682389135723
75,1	2.12212934773329	15.6915037282721	7.05599687744435	12.280141617307
75,2	1.92563066936713	15.2711038676708	7.06117958773154	12.2896066051072
75,3	1.74504208215378	14.8325582400157	7.06515208085952	12.2964670550294
75,4	1.57933056763529	14.3790227603618	7.06781302178079	12.300576003994
75,5	1.42750584720799	13.9135176986282	7.06907461643469	12.3018063718115
75,6	4.96182924443218	13.7771302507875	7.06832883722753	12.3030631844937
75,7	8.56167994419598	14.1913313464703	7.06490397548417	12.3076176462718
75,8	11.9355059546713	14.9150466567926	7.05994951348974	12.3154706449179
75,9	15.114069864167	15.8274092583949	7.05441292405101	12.3270514840191
76	18.1180568341084	16.8573012176814	7.04887609345751	12.3426570681972
76,1	17.2381392919822	17.8826308191861	7.04489389784496	12.3630700063958
76,2	16.0816266787752	18.7879638194391	7.0440091411315	12.388634728556
76,3	14.9917904221282	19.5811382406724	7.04589708151737	12.4185612601112
76,4	13.9649661979673	20.2690494815516	7.05028832058166	12.4522061985551
76,5	12.9977675450131	20.8577299627799	7.0569516188086	12.4890248166814
76,6	12.0870542576968	21.3525490342123	7.06568081625684	12.5285389355124
76,7	11.2299047619681	21.7583687434577	7.07628545502659	12.5703148094722
76,8	10.4235917822173	22.0796664475107	7.08858409557142	12.6139481258835
76,9	9.66556080322631	22.3206320476431	7.10239960202965	12.6590540528947
77	8.95341095979705	22.4852454196913	7.11755587969443	12.7052608648207
77,1	8.28487807483355	22.5773380695217	7.13387569812403	12.752206096229
77,2	7.65781962855904	22.6006419572553	7.15117934093078	12.7995344750589
77,3	7.07020148560791	22.5588276651259	7.16928389937154	12.8468970967269
77,4	6.52008623803252	22.455533539226	7.18800307997091	12.8939514515226
77,5	6.00562304404445	22.2943870512403	7.20714743272432	12.9403620250066
77,6	5.52503885670321	22.0790193589287	7.22652493043512	12.9858012684363
77,7	5.07663094526846	21.8130738632659	7.24594184471504	13.0299507923905
77,8	4.65876061569632	21.5002094442309	7.26520387256112	13.0725026778747
77,9	4.26984803679283	21.1440989902803	7.28411747109069	13.1131608294583
78	3.90836807583422	20.7484238058479	7.30249135846609	13.1516423172955
78,1	3.57284704307451	20.3168644759336	7.32013813751158	13.1876786711798
78,2	3.26186023961028	19.8530887770398	7.33687599607196	13.2210171014606
78,3	2.97403019870678	19.3607372400663	7.35253043568896	13.2514216297365
78,4	2.70802550799991	18.8434069846536	7.3669359784438	13.2786741175276
78,5	2.46256009988789	18.3046344483527	7.37993780144827	13.3025751843137
78,6	2.23639290054196	17.7478776220747	7.39139324991427	13.3229450079977
78,7	2.02832773453668	17.1764983719321	7.40117318325775	13.3396240015687
78,8	1.83721339193852	16.593745375921	7.40916311435813	13.3524733599692
78,9	1.66194377718772	16.0027381337132	7.41526410974876	13.3613754713061
79	1.50145807331592	15.4064524234848	7.41939342780046	13.3662341868654
79,1	5.02647452831331	15.1489326824713	7.42096240057441	13.3705697428737
79,2	8.61314759805872	15.4637755675694	7.41921696554866	13.3781404987164
79,3	11.9698995129257	16.1112267140838	7.41541041719406	13.3887851719976
79,4	15.128164410958	16.9670474348491	7.41065328095015	13.40297475414
79,5	18.1093065907447	17.9565101407858	7.40565332180775	13.421083109357
79,6	17.2064432915506	18.9463409591825	7.4021752327452	13.4439105821675
79,7	16.0295975873057	19.8092525738563	7.4019307029325	13.4716995471111
79,8	14.9219049353809	20.5537913492598	7.4045557198424	13.5035871698173
79,9	13.8795663828853	21.1875190488201	7.40974617992733	13.5388706424766
80	12.8990634555107	21.7170996304308	7.41723937871414	13.5769556156609
80,1	11.9771257705929	22.1485112256843	7.42679987786136	13.6173217857011
80,2	11.1107028513803	22.487210080327	7.4382093931413	13.6594992244418
80,3	10.2969394329432	22.7382583409779	7.4512596182329	13.7030523324992
80,4	9.53315374636303	22.9064241403317	7.46574720470761	13.7475691925448
80,5	8.8168183965769	22.9962600592114	7.48147034231935	13.7926547398324
80,6	8.14554353703502	23.0121643837892	7.49822654479525	13.8379266224287
80,7	7.51706210568042	22.9584284071259	7.51581136077011	13.883012946153
80,8	6.92921693010775	22.8392721975202	7.534017809736	13.9275513278862
80,9	6.37994954023206	22.6588706717205	7.5526363981685	13.9711888435308
81	5.86729054766081	22.4213714003743	7.57145560815192	14.0135825731877
81,1	5.38935146440858	22.130905288955	7.59026277484286	14.0544005297723
81,2	4.94431784123124	21.7915910866235	7.60884528366719	14.0933228178457
81,3	4.53044360901052	21.4075345539351	7.62699202602102	14.1300429134128
81,4	4.1460465065224	20.982823049503	7.64449505559385	14.1642689873494
81,5	3.78950447581425	20.5215162605419	7.66115138797267	14.1957252180905
81,6	3.45925290356693	20.0276337895167	7.67676488531985	14.2241530554485
81,7	3.1537825844924	19.5051403071436	7.69114816679861	14.2493124085735
81,8	2.87163828217931	18.9579289802792	7.70412448498255	14.2709827383716
81,9	2.61141776479624	18.3898038729523	7.71552950945399	14.2889640391948
82	2.37177119831406	17.8044619932578	7.72521296167753	14.303077697186
82,1	2.15140078861274	17.2054756139982	7.73304005030775	14.313167214045
82,2	1.94906057573701	16.5962754298035	7.73889266339416	14.3190987858101
82,3	1.76355629797329	15.9801350299577	7.74267028328337	14.3207617269996
82,4	1.59374525931247	15.3601570690058	7.74429060096759	14.3180687314745
82,5	1.43853615002687	14.7392614130319	7.74368981858235	14.3109559628463
82,6	4.96597931795977	14.4723672334049	7.74045074143587	14.3031971963152
82,7	8.54948303542297	14.8037488497501	7.73398446755805	14.299028601161
82,8	11.8987536551234	15.4865559823536	7.72563193898235	14.298569557883
82,9	15.046246299972	16.390793351686	7.71660174923588	14.3024808299699
83	18.0141199826358	17.4374531693096	7.70765587633053	14.3112297906579
83,1	17.0977285202272	18.4825673731644	7.70065220830913	14.3256299490758
83,2	15.9094676428005	19.3882980858059	7.69734527740906	14.3457664998307
83,3	14.7923238744026	20.1646793161536	7.69728605809055	14.3705874267709
83,4	13.7423556571099	20.8205692273422	7.7000997272211	14.3992401707773
83,5	12.7559087218184	21.3637783857395	7.7054633728964	14.4310093572485
83,6	11.8295824619487	21.8013176057664	7.71308917439632	14.4652751787175
83,7	10.9602008401965	22.1395870874143	7.7227124054183	14.5014847398099
83,8	10.1447870601811	22.3845219045871	7.73408293673306	14.5391325147103
83,9	9.38054144321323	22.5417044361178	7.74695929874181	14.5777472133347
84	8.66482208746207	22.6164512874884	7.761104639399	14.616883154718
84,1	7.99512798030811	22.613880151712	7.77628410730995	14.6561148066322
84,2	7.36908429994711	22.5389605971483	7.79226332575832	14.695033542279
84,3	6.78442968832378	22.3965517482368	7.8088077174578	14.733245939661
84,4	6.2390053097139	22.1914291092051	7.82568250391329	14.7703731428547
84,5	5.73074553128309	21.9283022811889	7.84265324601555	14.8060509416649
84,6	5.25767007617767	21.611824978655	7.85948682007633	14.8399303240285
84,7	4.81787750801566	21.246598518696	7.87595274046361	14.87167832566
84,8	4.40953990963182	20.8371698055465	7.89182474968515	14.9009790517425
84,9	4.03089862007861	20.3880247387616	7.90688260176131	14.9275347814255
85	3.68026089364611	19.9035779177648	7.92091396702222	14.9510670913295
85,1	3.35599734444256	19.3881594818392	7.93371638763415	14.9713179519154
85,2	3.05654004115248	18.8459998995049	7.94509921443986	14.9880507625015
85,3	2.78038112001237	18.2812134933721	7.95488545802339	15.0010512984991
85,4	2.5260717905198	17.6977814474543	7.96291349093771	15.0101285493559
85,5	2.29222161819704	17.0995349880833	7.96903854414494	15.0151154288037
85,6	2.07749798166993	16.4901393548461	7.97313394901989	15.0158693411327
85,7	1.88062561675624	15.8730790855156	7.97509208660101	15.0122725890137
85,8	1.70038617718776	15.2516450329166	7.9748250177349	15.0042326103046
85,9	1.53561775880689	14.6289234184171	7.9722647807449	14.9916820335752
86	1.38521435033438	14.0077871138648	7.96736335650878	14.974578544843
86,1	4.91524391332205	13.7516387642468	7.95984722970955	14.9567845180468
86,2	8.49714159334191	14.1123529223167	7.94930303745634	14.9428774033215
86,3	11.8415829096404	14.8372888140983	7.93714295635463	14.9332869234191
86,4	14.9817692366489	15.7920867784881	7.92463653444173	14.9288480940722
86,5	17.9404408669472	16.8945883267533	7.91257097626267	14.9301019492461
86,6	17.0146236577354	17.992822380021	7.90284933024674	14.9378679211068
86,7	15.8184927463937	18.9411169339338	7.89722988956138	14.9520952305399
86,8	14.6949181495439	19.7508280107069	7.89518707453611	14.9715631057569
86,9	13.6398474379706	20.4319495537894	7.89628315862271	14.9952868524899
87	12.649521265101	20.9932846303021	7.90014231352053	15.0224453756249
87,1	11.7204387368673	21.4427277896827	7.90643123149806	15.0523327221901
87,2	10.8493275927976	21.7874782526785	7.91484534546546	15.0843247329489
87,3	10.0331183750263	22.0342022498081	7.92509908481357	15.1178562267643
87,4	9.26892198288407	22.1891572515031	7.93691907022403	15.1524055462963
87,5	8.55401015632597	22.2582870861823	7.95003947715108	15.1874842583219
87,6	7.88579853080088	22.2472943917397	7.96419902496971	15.2226304659955
87,7	7.26183197546604	22.1616950910651	7.97913920586361	15.2574046490664
87,8	6.67977197542825	22.0068583662051	7.9946034751437	15.2913872666068
87,9	6.13738585282605	21.7880347603082	8.01033719752719	15.3241775793852
88	5.63253764489676	21.5103744497103	8.0260881923323	15.3553933056153
88,1	5.16318047240593	21.1789373246761	8.04160775192229	15.3846708346377
88,2	4.72735024106392	20.7986962437456	8.05665202737277	15.4116658018441
88,3	4.32316052363203	20.3745346453549	8.07098368713893	15.4360538841496
88,4	3.94879847300713	19.9112395826559	8.08437376138849	15.4575317149557
88,5	3.60252161825605	19.4134911705881	8.09660358886995	15.4758178453159
88,6	3.28265539780248	18.8858493798156	8.10746678641097	15.4906536971481
88,7	2.9875912879829	18.3327390652248	8.11677116467353	15.5018044672414
88,8	2.71578539188626	17.7584340657091	8.12434051855562	15.5090599493457
88,9	2.46575736325342	17.167041148875	8.13001622721099	15.5122352472625
89	2.23608955323352	16.5624844947203	8.13365860733171	15.5111713557491
89,1	5.69962158835176	16.2736748273782	8.13424732833001	15.5093531780192
89,2	9.22721513439316	16.5524596166945	8.13100656540597	15.5110936009318
89,3	12.5223230174994	17.1822817965585	8.12553059783043	15.5166288616529
89,4	15.6157610325226	18.0410711392409	8.11913284470702	15.5266445127732
89,5	18.5292409200464	19.0517030078315	8.11266664455353	15.5416539744487
89,6	17.5600174801236	20.0625273496026	8.10820882232341	15.5624738527898
89,7	16.3230786070519	20.9254582426865	8.10770801658691	15.5890836333323
89,8	15.1611913902959	21.6512921163266	8.11066320252746	15.6203415117534
89,9	14.0702009280253	22.2496342665629	8.11665087019293	15.6553126376507
90	13.0462457523893	22.7290306096665	8.12530193384225	15.6932057020124
90,1	12.0857237710268	23.0972184683755	8.13628423160235	15.7333307085468
90,2	11.1852627931336	23.3613173515626	8.14929004775181	15.775069875525
90,3	10.3416949137886	23.5279748934336	8.16402729893917	15.81785777484
90,4	9.55203421271645	23.6034786862891	8.18021342069386	15.8611679721826
90,5	8.81345734653007	23.593841704798	8.19757127159843	15.904504242345
90,6	8.12328669885463	23.5048669167601	8.2158265699907	15.9473950001412
90,7	7.47897581315292	23.342195207263	8.23470651531863	15.9893899840787
90,8	6.87809687603767	23.1113397136953	8.25393934041126	16.0300585086221
90,9	6.31833004906695	22.8177089472332	8.27325460436133	16.0689887976421
91	5.797454467598	22.4666205734891	8.29238407738783	16.1057880512463
91,1	5.31334073850869	22.0633073797179	8.31106309545508	16.1400829976061
91,2	4.86394477635574	21.6129167246547	8.32903227835246	16.1715207522754
91,3	4.44730282153011	21.1205046171415	8.34603951397791	16.1997698578362
91,4	4.06152748583926	20.591025475614	8.36184211646831	16.2245214121091
91,5	3.7048046722883	20.0293185612872	8.37620906871391	16.2454902176155
91,6	3.37539121811803	19.4400920359164	8.38892326233312	16.2624159014375
91,7	3.0716131146218	18.8279055557932	8.39978365161799	16.2750639653518
91,8	2.79186416477413	18.1971522658733	8.40860724317118	16.2832267329257
91,9	2.53460495067042	17.5520409938976	8.41523085047944	16.2867241646051
92	2.29836199708977	16.8965793602029	8.41951255270345	16.2854045148718
92,1	2.08172703454622	16.2345584146912	8.42133280938234	16.2791448081802
92,2	1.8833562839735	15.5695392917441	8.42059519712832	16.2678511132447
92,3	1.70196970441555	14.9048422432217	8.41722675004252	16.2514585986885
92,4	1.53635016341963	14.2435382772835	8.41117790165613	16.2299313572215
92,5	1.38534250601795	13.5884435053442	8.40242204173328	16.2032619903235
92,6	1.24785251130502	12.9421161888776	8.39095471532039	16.1714709506597
92,7	1.12284573515261	12.3068563879207	8.37679250316367	16.1346056448738
92,8	1.00934624350988	11.6847080471402	8.35997163142983	16.0927393047169
92,9	0.906435243412047	11.0774633133155	8.34054636422222	16.0459696394207
93	0.813249619013711	10.4866688574005	8.31858723465715	15.9944172866704
93,1	0.72898037861754	9.91363397021585	8.29417916951591	15.9382240833685
93,2	0.652871016755287	9.35944020748867	8.26741955920947	15.8775511806108
93,3	0.584215793737401	8.82495237165532	8.23841631962483	15.8125770299195
93,4	0.522357934314563	8.31083062976939	8.20728598605835	15.7434952698363
93,5	0.466687747482208	7.81754357583632	8.17415187253633	15.6705125434768
93,6	0.416640671004193	7.34538205055768	8.13914232293174	15.5938462785585
93,7	0.371695246691933	6.89447353211704	8.10238907381661	15.5137224617037
93,8	0.331371035457917	6.46479690980847	8.06402574320121	15.430373438413
93,9	0.295226484221513	6.05619745017681	8.0241864543236	15.3440357689585
94	0.262856759466999	5.66840176515753	7.9830045994766	15.254948168537
94,1	0.233891564318253	5.30103259532605	7.94061174543477	15.163349557362
94,2	0.20799295720578	4.95362322996206	7.89713667927092	15.0694772430509
94,3	0.184853196191508	4.62563140051958	7.85270459112608	14.9735652537899
94,4	0.16419271757216	4.3164525550632	7.80743638914695	14.8758428375936
94,5	0.145758013405702	4.02543240234205	7.76144814168253	14.7765331420697
94,6	0.129326650099323	3.75187932985442	7.71485064017895	14.6758520816294
94,7	0.114731851077597	3.49509481041307	7.6677492003511	14.5740076682751
94,8	0.10178000366341	3.25437467604992	7.62024369262976	14.471199860413
94,9	0.0902890211292784	3.02899197200689	7.57242830362048	14.3676197641259
95	0.0800962243809815	2.8182064536387	7.52439130798953	14.2634487979507
95,1	0.0710564466318317	2.62127392940246	7.47621495384557	14.158858104653
95,2	0.0630402870243024	2.43745413221276	7.42797544424504	14.054008181726
95,3	0.0559325089463324	2.26601724849058	7.37974299851229	13.9490487008112
95,4	0.0496305771990671	2.10624923681108	7.33158197863006	13.844118487858
95,5	0.044043327012099	1.95745606714804	7.28355106751256	13.7393456377687
95,6	0.0390897571201683	1.8189670079638	7.23570348749468	13.6348477394283
95,7	0.0346979386554042	1.69013708243895	7.18808724883006	13.5307321892969
95,8	0.030804031414968	1.57034880756917	7.14074541937172	13.4270965740633
95,9	0.0273513990819538	1.4590133212128	7.0937164078951	13.3240291051629
96	0.0242898151592561	1.35557099291211	7.04703425470706	13.2216090901893
96,1	3.66913882849844	1.7377640224946	7.00092182412357	13.1207562929849
96,2	7.34071080725256	2.82096197844979	6.95739530492709	13.0274451232208
96,3	10.7685267718027	4.24244924700328	6.9180363168604	12.9460244514664
96,4	13.99031751247	5.84318589596917	6.88325173820604	12.877838138823
96,5	17.0304018862678	7.53615403909929	6.85293879034458	12.8227842272328
96,6	16.1840791457325	9.17687660687584	6.82779809613928	12.7809749250415
96,7	15.0625088210428	10.633379122028	6.80846235857526	12.75156003161
96,8	14.0086366430914	11.9229433765481	6.79408809247694	12.7323319316119
96,9	13.0185210415548	13.059901433494	6.78401218155497	12.7216106140906
97	12.0885394635513	14.0562820558617	6.77769787546637	12.718074135242
97,1	11.2153469831146	14.9224050443913	6.77469739794486	12.7206481189032
97,2	10.395841646291	15.667302885314	6.77462600682726	12.728432133901
97,3	9.62713504198828	16.2990270770777	6.77714379060486	12.740650004986
97,4	8.90652706632551	16.8248750395202	6.78194279162376	12.7566159682609
97,5	8.23148414845149	17.251560752577	6.78873786586851	12.7757114917219
97,6	7.59962040202328	17.5853444435915	6.79726021393056	12.7973693744145
97,7	7.008681298531	17.8321317066413	6.80725285885605	12.8210628686926
97,8	6.45652954916678	17.9975492529878	6.8184675711004	12.846298298474
97,9	5.94113294457784	18.0870023976883	6.83066288993583	12.8726101244121
98	5.46055394510537	18.1057179893364	6.84360299013743	12.8995577260938
98,1	5.01294084352143	18.0587755464723	6.85705720909569	12.926723387968
98,2	4.59652034163185	17.9511287239002	6.8708000934373	12.9537111248507
98,3	4.2095913941983	17.7876187971786	6.88461185298967	12.9801460868991
98,4	3.85052018065467	17.5729815587793	6.89827912845527	13.0056743572945
98,5	3.51773606892258	17.3118488198561	6.91159599097289	13.0299630079705
98,6	3.20972843792013	17.0087455748902	6.92436509937809	13.0527003158477
98,7	2.92504422755978	16.6680837886831	6.93639894631482	13.0735960684762
98,8	2.66228608836239	16.2941536881364	6.94752112878838	13.0923819067333
98,9	2.42011100818546	15.8911133715403	6.95756758330097	13.1088116654249
99	2.19722930150521	15.4629774763153	6.96638773106459	13.1226616819014
99,1	1.99240385731145	15.0136055667569	6.97384548534441	13.1337310493238
99,2	1.80444955465146	14.5466908142996	6.97982008088523	13.1418417959185
99,3	1.63223276950245	14.0657494452648	6.98420669451277	13.1468389751266
99,4	1.4746709120062	13.574111328616	6.98691683606923	13.1485906544638
99,5	1.33073194809152	13.0749119741532	6.98787849936828	13.1469877934809
99,6	4.86817512473103	12.9284842094618	6.98673910011938	13.1449876024688
99,7	8.46163319623857	13.3757254275226	6.9831125908201	13.1463579024724
99,8	11.8216020636864	14.1643337292309	6.97826070408999	13.1516080881479
99,9	14.9805046718448	15.1642255057753	6.97324825096545	13.1614519290794
100	17.9603334736536	16.2973224441289	6.96871731223127	13.1763279993539
100,1	17.0555897104327	17.4230607338349	6.9662893279654	13.1970438049628
100,2	15.8777133335515	18.4072607430806	6.96749675372809	13.2237452383106
100,3	14.7697712227206	19.2599663561367	6.97190603494937	13.2554152475154
100,4	13.7279003465326	19.9900163729645	6.97915751407091	13.2912313294379
100,5	12.7485226847979	20.6051831191749	6.98894299227331	13.3305036040803
100,6	11.8283117164345	21.112425862656	7.00098891415889	13.3726333909618
100,7	10.9641633964131	21.5180839962566	7.01504437711154	13.4170848290646
100,8	10.153170853091	21.8280256875708	7.03087262273804	13.4633656243086
100,9	9.3926022489596	22.0477629506831	7.04824506377907	13.511014192142
101	8.67988138675607	22.1825408922702	7.06693718084682	13.5595912837173
101,1	8.01257073741466	22.2374066937	7.0867258208308	13.6086747532677
101,2	7.38835663215984	22.2172623767735	7.1073875664965	13.6578565196917
101,3	6.8050364073735	22.1269043469431	7.12869794188915	13.7067410511466
101,4	6.26050732331636	21.9710519718591	7.15043128293392	13.7549448949697
101,5	5.75275709995276	21.7543669401331	7.17236114582184	13.8020969119905
101,6	5.27985592745837	21.481464791284	7.1942611536147	13.8478389716469
101,7	4.8399498172977	21.1569197687789	7.21590619850307	13.8918269340621
101,8	4.43125516355569	20.7852639923738	7.23707392664995	13.9337317953976
101,9	4.05205438490107	20.3709818498725	7.25754643709123	13.9732409088237
102	3.7006925165427	19.9185004530474	7.27711212773432	14.0100592191272
102,1	3.37557462019545	19.4321769719254	7.29556762168311	14.0439104669622
102,2	3.07516387971317	18.9162836422828	7.31271970719055	14.0745383310103
102,3	2.79798025180814	18.3749912214569	7.3283872254909	14.1017074843442
102,4	2.54259954599574	17.8123516382911	7.34240284332356	14.1252045462949
102,5	2.3076528160094	17.2322805378126	7.35461465159589	14.1448389140992
102,6	2.09182595638493	16.6385403569476	7.36488753854465	14.1604434603739
102,7	1.89385941220106	16.034724484396	7.37310429487674	14.1718750836801
102,8	1.71254792616952	15.4242429590492	7.37916641937567	14.1790151005983
102,9	1.54674026420669	14.8103100528967	7.38299460580579	14.1817694691474
103	1.3953388770067	14.1959339736558	7.38452890491109	14.1800688352138
103,1	4.92481969343127	13.9431589831768	7.38346500211049	14.1774197996443
103,2	8.50702530057263	14.3026764645984	7.37938328866276	14.1780749033056
103,3	11.8523429235509	15.0236002635309	7.37365147504137	14.1824740765248
103,4	14.993735670141	15.9729467800391	7.36749424481239	14.1914147519622
103,5	17.9537713779943	17.0694528978972	7.36167496926511	14.2054292750936
103,6	17.0291865160852	18.1623810654822	7.35801553007226	14.2253468733296
103,7	15.8339161942607	19.1068873559329	7.35820027898998	14.2511943678695
103,8	14.7108782972729	19.9139402846823	7.36174275095267	14.2818580322734
103,9	13.6560638558741	20.5932188677519	7.36823742738755	14.3164383703982
104	12.665752884935	21.1532684928636	7.37733535219214	14.3541829549287
104,1	11.7364802187604	21.6017714193315	7.38872588407326	14.3944416258383
104,2	10.8650060625039	21.9457514037317	7.4021237321016	14.436635782764
104,3	10.0482904599724	22.1917297165028	7.41725980754874	14.4802375191726
104,4	9.28347109271459	22.345844602787	7.43387485964721	14.524755638098
104,5	8.56784396638326	22.4139427255252	7.45171516946467	14.5697264830969
104,6	7.89884663650778	22.4016487260766	7.47052979021776	14.6147081366586
104,7	7.27404369285681	22.3144173790279	7.49006897061322	14.6592769673746
104,8	6.69111426877724	22.1575716651441	7.51008349939985	14.7030258060627
104,9	6.14784137494008	21.9363292829838	7.53032477793966	14.7455632404103
105	5.64210287949537	21.6558195611713	7.55054547298819	14.7865136652885
105,1	5.17186397131458	21.3210923488414	7.57050063097039	14.8255178305055
105,2	4.73517095178735	20.9371202019545	7.58994915289524	14.8622337022055
105,3	4.33014620528298	20.5087950121984	7.60865553940441	14.8963375070853
105,4	3.95498420052026	20.0409201157329	7.6263918211235	14.927524866084
105,5	3.60794837628412	19.5381988492738	7.64293959265197	14.9555119504195
105,6	3.28736876664903	19.0052204729541	7.65809207087194	14.9800366108214
105,7	2.99164022438079	18.446444338254	7.67165610105645	15.0008594428184
105,8	2.71922110743049	17.866183133427	7.68345403844236	15.0177647587344
105,9	2.46863230292223	17.2685859800339	7.69332543909578	15.0305614420354
106	2.23845647578958	16.6576220779297	7.70112850231489	15.0390836629601